kroA = [
    1 1380 939
    2 2848 96
    3 3510 1671
    4 457 334
    5 3888 666
    6 984 965
    7 2721 1482
    8 1286 525
    9 2716 1432
    10 738 1325
    11 1251 1832
    12 2728 1698
    13 3815 169
    14 3683 1533
    15 1247 1945
    16 123 862
    17 1234 1946
    18 252 1240
    19 611 673
    20 2576 1676
    21 928 1700
    22 53 857
    23 1807 1711
    24 274 1420
    25 2574 946
    26 178 24
    27 2678 1825
    28 1795 962
    29 3384 1498
    30 3520 1079
    31 1256 61
    32 1424 1728
    33 3913 192
    34 3085 1528
    35 2573 1969
    36 463 1670
    37 3875 598
    38 298 1513
    39 3479 821
    40 2542 236
    41 3955 1743
    42 1323 280
    43 3447 1830
    44 2936 337
    45 1621 1830
    46 3373 1646
    47 1393 1368
    48 3874 1318
    49 938 955
    50 3022 474
    51 2482 1183
    52 3854 923
    53 376 825
    54 2519 135
    55 2945 1622
    56 953 268
    57 2628 1479
    58 2097 981
    59 890 1846
    60 2139 1806
    61 2421 1007
    62 2290 1810
    63 1115 1052
    64 2588 302
    65 327 265
    66 241 341
    67 1917 687
    68 2991 792
    69 2573 599
    70 19 674
    71 3911 1673
    72 872 1559
    73 2863 558
    74 929 1766
    75 839 620
    76 3893 102
    77 2178 1619
    78 3822 899
    79 378 1048
    80 1178 100
    81 2599 901
    82 3416 143
    83 2961 1605
    84 611 1384
    85 3113 885
    86 2597 1830
    87 2586 1286
    88 161 906
    89 1429 134
    90 742 1025
    91 1625 1651
    92 1187 706
    93 1787 1009
    94 22 987
    95 3640 43
    96 3756 882
    97 776 392
    98 1724 1642
    99 198 1810
    100 3950 1558
    ];
kroB = [
    1 3140 1401
    2 556 1056
    3 3675 1522
    4 1182 1853
    5 3595 111
    6 962 1895
    7 2030 1186
    8 3507 1851
    9 2642 1269
    10 3438 901
    11 3858 1472
    12 2937 1568
    13 376 1018
    14 839 1355
    15 706 1925
    16 749 920
    17 298 615
    18 694 552
    19 387 190
    20 2801 695
    21 3133 1143
    22 1517 266
    23 1538 224
    24 844 520
    25 2639 1239
    26 3123 217
    27 2489 1520
    28 3834 1827
    29 3417 1808
    30 2938 543
    31 71 1323
    32 3245 1828
    33 731 1741
    34 2312 1270
    35 2426 1851
    36 380 478
    37 2310 635
    38 2830 775
    39 3829 513
    40 3684 445
    41 171 514
    42 627 1261
    43 1490 1123
    44 61 81
    45 422 542
    46 2698 1221
    47 2372 127
    48 177 1390
    49 3084 748
    50 1213 910
    51 3 1817
    52 1782 995
    53 3896 742
    54 1829 812
    55 1286 550
    56 3017 108
    57 2132 1432
    58 2000 1110
    59 3317 1966
    60 1729 1498
    61 2408 1747
    62 3292 152
    63 193 1210
    64 782 1462
    65 2503 352
    66 1697 1924
    67 3821 147
    68 3370 791
    69 3162 367
    70 3938 516
    71 2741 1583
    72 2330 741
    73 3918 1088
    74 1794 1589
    75 2929 485
    76 3453 1998
    77 896 705
    78 399 850
    79 2614 195
    80 2800 653
    81 2630 20
    82 563 1513
    83 1090 1652
    84 2009 1163
    85 3876 1165
    86 3084 774
    87 1526 1612
    88 1612 328
    89 1423 1322
    90 3058 1276
    91 3782 1865
    92 347 252
    93 3904 1444
    94 2191 1579
    95 3220 1454
    96 468 319
    97 3611 1968
    98 3114 1629
    99 3515 1892
    100 3060 155
    ];
kroC = [
    1 1357 1905
    2 2650 802
    3 1774 107
    4 1307 964
    5 3806 746
    6 2687 1353
    7 43 1957
    8 3092 1668
    9 185 1542
    10 834 629
    11 40 462
    12 1183 1391
    13 2048 1628
    14 1097 643
    15 1838 1732
    16 234 1118
    17 3314 1881
    18 737 1285
    19 779 777
    20 2312 1949
    21 2576 189
    22 3078 1541
    23 2781 478
    24 705 1812
    25 3409 1917
    26 323 1714
    27 1660 1556
    28 3729 1188
    29 693 1383
    30 2361 640
    31 2433 1538
    32 554 1825
    33 913 317
    34 3586 1909
    35 2636 727
    36 1000 457
    37 482 1337
    38 3704 1082
    39 3635 1174
    40 1362 1526
    41 2049 417
    42 2552 1909
    43 3939 640
    44 219 898
    45 812 351
    46 901 1552
    47 2513 1572
    48 242 584
    49 826 1226
    50 3278 799
    51 86 1065
    52 14 454
    53 1327 1893
    54 2773 1286
    55 2469 1838
    56 3835 963
    57 1031 428
    58 3853 1712
    59 1868 197
    60 1544 863
    61 457 1607
    62 3174 1064
    63 192 1004
    64 2318 1925
    65 2232 1374
    66 396 828
    67 2365 1649
    68 2499 658
    69 1410 307
    70 2990 214
    71 3646 1018
    72 3394 1028
    73 1779 90
    74 1058 372
    75 2933 1459
    76 3099 173
    77 2178 978
    78 138 1610
    79 2082 1753
    80 2302 1127
    81 805 272
    82 22 1617
    83 3213 1085
    84 99 536
    85 1533 1780
    86 3564 676
    87 29 6
    88 3808 1375
    89 2221 291
    90 3499 1885
    91 3124 408
    92 781 671
    93 1027 1041
    94 3249 378
    95 3297 491
    96 213 220
    97 721 186
    98 3736 1542
    99 868 731
    100 960 303
    ];
kroD = [
    1 2995 264
    2 202 233
    3 981 848
    4 1346 408
    5 781 670
    6 1009 1001
    7 2927 1777
    8 2982 949
    9 555 1121
    10 464 1302
    11 3452 637
    12 571 1982
    13 2656 128
    14 1623 1723
    15 2067 694
    16 1725 927
    17 3600 459
    18 1109 1196
    19 366 339
    20 778 1282
    21 386 1616
    22 3918 1217
    23 3332 1049
    24 2597 349
    25 811 1295
    26 241 1069
    27 2658 360
    28 394 1944
    29 3786 1862
    30 264 36
    31 2050 1833
    32 3538 125
    33 1646 1817
    34 2993 624
    35 547 25
    36 3373 1902
    37 460 267
    38 3060 781
    39 1828 456
    40 1021 962
    41 2347 388
    42 3535 1112
    43 1529 581
    44 1203 385
    45 1787 1902
    46 2740 1101
    47 555 1753
    48 47 363
    49 3935 540
    50 3062 329
    51 387 199
    52 2901 920
    53 931 512
    54 1766 692
    55 401 980
    56 149 1629
    57 2214 1977
    58 3805 1619
    59 1179 969
    60 1017 333
    61 2834 1512
    62 634 294
    63 1819 814
    64 1393 859
    65 1768 1578
    66 3023 871
    67 3248 1906
    68 1632 1742
    69 2223 990
    70 3868 697
    71 1541 354
    72 2374 1944
    73 1962 389
    74 3007 1524
    75 3220 1945
    76 2356 1568
    77 1604 706
    78 2028 1736
    79 2581 121
    80 2221 1578
    81 2944 632
    82 1082 1561
    83 997 942
    84 2334 523
    85 1264 1090
    86 1699 1294
    87 235 1059
    88 2592 248
    89 3642 699
    90 3599 514
    91 1766 678
    92 240 619
    93 1272 246
    94 3503 301
    95 80 1533
    96 1677 1238
    97 3766 154
    98 3946 459
    99 1994 1852
    100 278 165
    ];
